set1 = [
    [
        -0.25361631791329625,
        0.04360395740015306,
        0.42488807649400684,
        -0.23391828216752603,
        0.16804356883461932,
        -0.3479898484420718
    ],
    [
        0.7402039059789655,
        0.9933854763939662,
        -0.29433789531879073,
        0.2491825150230498,
        -0.06163656273633117,
        0.02224329696074001
    ],
    [
        0.8851702820122794,
        -0.02810592559221167,
        -0.8515052488657116,
        -0.07651392593401447,
        0.8144085060704778,
        -0.025421918240206676
    ],
    [
        -0.05389815057737567,
        0.3778209274019678,
        -0.718601485854077,
        -0.35289026220850306,
        0.4516435660493996,
        0.5954347835419731
    ]
]

set2 = [
    [
        -0.334768830007231,
        0.09631798229493327,
        0.23230567287397763,
        0.6016476826575001,
        0.684980485604036,
        0.5034489453306406
    ],
    [
        0.2905116281162833,
        -0.47217012747481046,
        0.8104119273646573,
        -0.6087560812153634,
        0.5315449571116578,
        -0.20004529518617886
    ],
    [
        0.4686339619608039,
        0.7384396495132548,
        0.5932789638416214,
        0.0062699144273696715,
        0.5307386403762023,
        -0.20127528439719855
    ],
    [
        -0.6343338616554437,
        0.8476744562223977,
        -0.6274134779383087,
        -0.5401289710237281,
        -0.03615934901062449,
        0.6281299953324129
    ]
]

set3 = [
    [
        0.6336790657449428,
        0.16163818910960445,
        0.1714527673606412,
        0.5019392963510065,
        -0.3216424734085544,
        -0.6014769125332751
    ],
    [
        0.22568562789570729,
        0.46214441857418664,
        -0.8331805924274689,
        -0.8886445627356693,
        0.5148017776432355,
        -0.07058529302822247
    ],
    [
        0.3048524753133214,
        -0.043040665216752406,
        0.957095035232955,
        0.13717299165793415,
        0.1493365259999086,
        0.8752298776989114
    ],
    [
        0.6019858593891052,
        0.18924723893668266,
        -0.2221246652953437,
        -0.3220675558329793,
        0.3854436754520046,
        -0.8924848998483448
    ]
]
